v2.0 raw
1005
0000
1007
2000
1003
07f0
1000
0081
3018
c000
1003
6002
201b
1000
0001
7418
4000
fff9
1001
6000
2009
1002
6001
2012
a000
0065
a000
0006
1001
6004
3088
5000
ffea
7e69
1005
0010
1002
0000
1000
000f
7410
1003
0004
72c0
1003
8000
7418
4000
0003
5000
0038
1000
00f0
7410
1003
0040
72c0
1003
8000
7418
4000
0003
5000
0030
1000
0f00
7410
1003
0400
72c0
1003
8000
7418
4000
0003
5000
0028
1000
f000
7410
1003
4000
72c0
1003
8000
7418
4000
0003
5000
0020
7092
1003
8000
7458
4000
0004
1003
0001
709a
7049
7eed
4000
0003
5000
ffbe
b000
1003
0003
709a
5000
ffc5
1003
0030
709a
5000
ffcd
1003
0300
709a
5000
ffd5
1003
3000
709a
5000
ffdd
714d
7155
b000
8000
8040
8080
80c0
8140
1000
0001
7105
7e6c
a000
ff96
1001
6003
3088
9005
9003
9002
9001
9000
e000
