1006
0000
1007
0700
1000
0002
1002
6001
2012
1004
0001
7514
4000
0006
1001
6000
2009
5000
0021
1002
0901
2012
1004
0001
7514
4000
ffec
1001
0900
2009
1004
000e
730c
4000
0019
1004
000a
730c
4000
008e
1004
0009
7e5a
70d3
7ee4
4000
0003
5000
fffb
70cb
7e59
a000
0020
5000
ffd0
a000
0017
5000
fff9
1005
0002
7345
4000
0006
1005
0001
7345
4000
0008
7ec0
a000
0008
1001
0000
5000
ffe8
7e80
5000
ffe9
719e
7e71
1003
0000
b000
8000
1004
0010
1002
0000
1000
000f
7410
1005
0004
7340
1005
8000
7428
4000
0003
5000
003c
1000
00f0
7410
1005
0040
7340
1005
8000
7428
4000
0003
5000
0034
1000
0f00
7410
1005
0400
7340
1005
8000
7428
4000
0003
5000
002c
1000
f000
7410
1005
4000
7340
1005
8000
7428
4000
0003
5000
0024
7092
1005
8000
7468
4000
0004
1005
0001
70aa
7049
7ee4
4000
0003
5000
ffbe
1005
0b00
30a8
9000
b000
1005
0003
70aa
5000
ffc1
1005
0030
70aa
5000
ffc9
1005
0300
70aa
5000
ffd1
1005
3000
70aa
5000
ffd9
1003
0000
1006
0000
7e71
5000
ff78
