v2.0 raw
1006
0000
1007
0700
1001
6000
2009
1002
6001
2012
1003
6002
201b
1004
0001
751c
4003
a00c
a01c
5ff0
1003
6003
201b
1004
0001
751c
4fe9
a005
a012
5fe6
71b6
718e
b000
7e55
7e73
1004
0000
7764
4005
5001
719e
7eed
4003
5ffc
1006
0000
b000
1004
0010
7e71
1002
0000
1000
000f
7410
1005
0004
7340
1005
8000
7428
4001
5031
1000
00f0
7410
1005
0040
7340
1005
8000
7428
4001
502a
1000
0f00
7410
1005
0400
7340
1005
8000
7428
4001
5023
1000
f000
7410
1005
4000
7340
1005
8000
7428
4001
501c
7092
1005
8000
7468
4003
1005
0001
70aa
7049
7ee4
4001
5fc8
1001
6004
3088
b000
1005
0003
70aa
5fcb
1005
0030
70aa
5fd2
1005
0300
70aa
5fd9
1005
3000
70aa
5fe0
